13070.66816524427	1.4828754663467407	-2.422377347946167	2.5026447772979736	-1.7651793956756592
13070.67793136927	0.7243050932884216	-1.2720296382904053	1.5194091796875	-1.4319051504135132
13070.687696494495	-0.03466777503490448	-0.12184816598892212	0.5526663661003113	-1.1770896911621094
13070.69746202062	-0.5343136191368103	-0.40306586027145386	1.9551447629928589	-2.216125011444092
13070.707241824108	-0.6271682381629944	-1.3140923976898193	1.0705896615982056	-0.045375775545835495
13070.717007549332	-0.33966246247291565	-1.0476917028427124	-0.639343798160553	-1.4100252389907837
13070.726773774333	0.1397644430398941	0.45854291319847107	0.3936538100242615	0.8660515546798706
13070.736538899557	0.5410345196723938	1.4076564311981201	-0.05500304698944092	0.5485923886299133
13070.746304224784	0.6273093223571777	0.8390050530433655	-2.0135600566864014	1.0452513694763184
13070.756070349782	0.2958175539970398	0.05989939719438553	-1.1098237037658691	2.212761402130127
13070.765835475007	-0.37798720598220825	0.6499577164649963	-0.7405034899711609	0.627131462097168
13070.775615076918	-1.1716113090515137	2.0562968254089355	-2.463146924972534	2.3575761318206787
13070.78538130192	-1.8088784217834473	2.4161245822906494	-1.5925246477127075	0.21318024396896362
13070.795146527144	-2.0760154724121094	1.3638325929641724	-0.36733007431030273	1.0326498746871948
13070.804912852143	-1.9114173650741577	0.579226016998291	-1.7212990522384644	0.3047143816947937
13070.814678177368	-1.4311625957489014	1.2482786178588867	-1.137719988822937	-0.4910218417644501
13070.824443602594	-0.879505455493927	2.275250196456909	0.5574743747711182	0.8609246015548706
13070.833997740383	-0.5252711176872253	1.9488025903701782	-0.6063479781150818	-0.84245365858078
13070.843763365609	-0.5479437112808228	0.5426519513130188	-0.7101495265960693	1.3570173978805542
13070.853529590608	-0.9615917801856995	-0.08178380876779556	0.9628597497940063	0.2386741042137146
13070.863294715833	-1.6087822914123535	0.7290123105049133	-0.140412837266922	1.2649619579315186
13070.873060940834	-2.227057456970215	1.4521796703338623	-1.0745916366577148	1.6689201593399048
13070.88282606606	-2.5598816871643066	0.7101558446884155	0.3649252653121948	0.5185553431510925
13070.892606068644	-2.465169668197632	-0.6285989880561829	-0.47836536169052124	1.9799624681472778
13070.90237199387	-1.9755308628082275	-0.7468121647834778	-1.950656533241272	-0.4372977614402771
13070.912137219095	-1.2847660779953003	0.38669899106025696	-0.6145405173301697	0.6338939666748047
13070.921902444321	-0.666318953037262	0.9784097671508789	-0.7811108231544495	-1.0318859815597534
13070.93166856932	-0.3581400215625763	0.12564823031425476	-2.3031227588653564	-1.4637435674667358
13070.941433794545	-0.4626134932041168	-0.8193534016609192	-0.9120475649833679	-1.0329539775848389
13070.951199919546	-0.9038316607475281	-0.29908108711242676	-0.16320301592350006	-2.716128349304199
13070.960979323483	-1.4602643251419067	1.0849553346633911	-1.460312843322754	-0.6900795102119446
13070.970744848708	-1.8590084314346313	1.4682241678237915	-0.16404303908348083	-2.204993963241577
13070.980511073707	-1.8917784690856934	0.5256704688072205	1.2964006662368774	-0.4605225920677185
13070.990276398932	-1.5036085844039917	-0.055217549204826355	0.12800966203212738	-0.48070308566093445
13071.000041724159	-0.8167726993560791	0.8551153540611267	0.8865360021591187	-0.5863692760467529
13071.009807149383	-0.0798003226518631	2.101526975631714	2.5608022212982178	0.9247319102287292
13071.01958755287	0.436872273683548	1.972826600074768	1.3031998872756958	-0.8990173935890198
13071.029352878095	0.5545297861099243	0.7734748721122742	1.1541920900344849	0.841006875038147
13071.039118103321	0.2610728442668915	0.35129204392433167	2.6626949310302734	-1.001473069190979
13071.04888462832	-0.28446054458618164	1.2959301471710205	1.3531463146209717	-0.5171067714691162
13071.058649653545	-0.8196502327919006	2.0440375804901123	0.34127360582351685	-0.6404379606246948
13071.06841497877	-1.0900832414627075	1.2441939115524292	1.6747045516967773	-1.747994065284729
13071.078181403771	-0.9572972655296326	-0.19378933310508728	0.6968673467636108	0.06899570673704147
13071.087960508834	-0.4576532542705536	-0.4636962413787842	-0.7579064965248108	-1.5143588781356812
13071.09772643406	0.21274620294570923	0.42096036672592163	0.6027910709381104	0.7482753992080688
13071.107491859284	0.7807247638702393	0.6650378704071045	0.3826111853122711	0.2498478889465332
13071.11725748451	1.0113526582717896	-0.5744679570198059	-1.098251223564148	1.0723624229431152
13071.127022909735	0.8071866631507874	-1.893059253692627	0.3203888535499573	2.242161750793457
13071.136788334961	0.24949045479297638	-1.741292953491211	0.9384997487068176	1.0095514059066772
13071.146568934844	-0.43598487973213196	-0.7477035522460938	-0.4783451557159424	2.8995707035064697
13071.15633426007	-0.9742008447647095	-0.7513120770454407	0.6729887127876282	0.789840042591095
13071.166099385295	-1.1567829847335815	-2.007347822189331	1.7975353002548218	1.7475557327270508
13071.175865610294	-0.9297266006469727	-2.791410446166992	0.2697407007217407	0.6618094444274902
13071.18563103552	-0.41579607129096985	-2.0010464191436768	0.6981195211410522	-0.1915389746427536
13071.195396160745	0.1378404051065445	-0.8218798637390137	1.9068999290466309	0.6738874912261963
13071.205176364681	0.4646054208278656	-0.9393998384475708	0.19282014667987823	-1.2922730445861816
13071.214941790133	0.3917556703090668	-1.9995986223220825	-0.27954423427581787	0.6666762828826904
13071.224707415357	-0.08599132299423218	-2.157006025314331	0.8735659718513489	-0.7418980598449707
13071.234473540357	-0.8035715818405151	-0.8808291554450989	-0.7404521703720093	0.4552444517612457
13071.244238865582	-1.494659185409546	0.2241428792476654	-1.8479794263839722	0.7624332904815674
13071.254004390808	-1.9035354852676392	-0.1759936809539795	-0.5727959275245667	0.015010942704975605
13071.263770615808	-1.8924766778945923	-1.1474405527114868	-1.5767765045166016	1.647587776184082
13071.273549919744	-1.4992865324020386	-0.9192312955856323	-2.8616113662719727	-0.4950445890426636
13071.28331534497	-0.9206722974777222	0.42268311977386475	-1.2975186109542847	0.8737722039222717
13071.293080670195	-0.428496390581131	1.051741123199463	-1.3679184913635254	-0.8714178800582886
13071.302846995195	-0.2543081045150757	0.15240836143493652	-2.5857021808624268	-1.1197624206542969
13071.31261232042	-0.49095994234085083	-0.8523051738739014	-0.9074550271034241	-1.0214893817901611
13071.322377745646	-1.0528947114944458	-0.45294809341430664	-0.16924114525318146	-2.767932415008545
13071.33215724733	-1.7118932008743286	0.6682775616645813	-1.4287374019622803	-0.9958635568618774
13071.341923072556	-2.1931822299957275	0.6772633194923401	-0.1198292225599289	-2.7283308506011963
13071.351689297557	-2.2912912368774414	-0.6268458962440491	1.0080761909484863	-0.8925753235816956
13071.361454522781	-1.9567015171051025	-1.492498755455017	-0.49346956610679626	-1.0462020635604858
13071.371219648006	-1.31667160987854	-0.8460224270820618	0.030989080667495728	-0.7489470839500427
13071.380985773007	-0.6214397549629211	0.10413168370723724	1.2406628131866455	0.8850453495979309
13071.390750998231	-0.13854052126407623	-0.28660890460014343	-0.4244958758354187	-0.5299842357635498
13071.400530702394	-0.03989584371447563	-1.594659686088562	-0.6951823234558105	1.5344555377960205
13071.410297027394	-0.32939550280570984	-1.9528409242630005	0.6299453973770142	-0.20814336836338043
13071.420062252619	-0.8415690064430237	-0.8605061173439026	-0.7709565162658691	0.5556538701057434
13071.429827477845	-1.311905860900879	0.06841038912534714	-1.4928734302520752	0.16719520092010498
13071.439593802845	-1.4891009330749512	-0.45021262764930725	0.1454474925994873	-0.9365428686141968
13071.449359028069	-1.2417842149734497	-1.4296520948410034	-0.5331979393959045	0.49317485094070435
13071.459139131106	-0.614622175693512	-1.109207272529602	-1.3836640119552612	-1.374536395072937
13071.468904956331	0.18992584943771362	0.37428298592567444	0.5475225448608398	0.7041518688201904
13071.478670481556	0.8964942693710327	1.1796478033065796	0.6950705051422119	-0.14337708055973053
13071.488435806781	1.272477388381958	0.5279573798179626	-0.28421375155448914	0.8253892064094543
13071.498201232007	1.2256033420562744	-0.13919198513031006	1.538394570350647	1.8528038263320923
13071.507966857233	0.8421907424926758	0.6402572989463806	2.210270643234253	0.9229698181152344
13071.517747259819	0.34993013739585876	2.1176676750183105	0.8676877021789551	2.962709426879883
13071.527512185268	0.02093031443655491	2.4457342624664307	2.048022985458374	0.9992231726646423
13071.537277510493	0.05601176992058754	1.4536012411117554	2.8668792247772217	2.222996950149536
13071.547043635494	0.49915602803230286	0.8905518651008606	1.0691298246383667	0.9534246921539307
13071.55680886072	1.2182742357254028	1.770664095878601	1.3575804233551025	0.19978398084640503
13071.56657518572	1.9604310989379883	2.8334403038024902	2.232694625854492	0.6699620485305786
13071.576340410944	2.4581947326660156	2.448009490966797	0.2835385799407959	-1.499564528465271
13071.586120315556	2.5421760082244873	1.0821409225463867	-0.12655501067638397	0.16039370000362396
13071.595886240782	2.212202548980713	0.6031351685523987	1.0154097080230713	-1.6154056787490845
13071.605651366008	1.6370580196380615	1.4670493602752686	-0.5404630303382874	-0.38909977674484253
13071.615417591007	1.0828962326049805	2.0449512004852295	-1.2684894800186157	-0.3095829486846924
13071.625182716232	0.8005915284156799	1.1038812398910522	0.3125033378601074	-0.7385290861129761
13071.634947841458	0.9196291565895081	-0.3093090057373047	-0.48047271370887756	1.0120009183883667
13071.644728342242	1.3933827877044678	-0.43041497468948364	-1.3528270721435547	-0.7916033267974854
13071.654493767468	2.0189027786254883	0.5743857026100159	0.4785192310810089	0.965128481388092
13071.664258892693	2.5228514671325684	0.8773356676101685	0.3891341984272003	-0.6836937069892883
13071.674025117693	2.677267551422119	-0.2329341322183609	-0.777630627155304	-0.574050784111023
13071.683790642917	2.396230459213257	-1.2649002075195312	0.804917573928833	-0.6571144461631775
13071.693555969268	1.7725704908370972	-0.7723191380500793	1.093058705329895	-2.344815969467163
13071.70332219427	1.0391066074371338	0.46141383051872253	-0.5651484131813049	-0.8196896314620972
13071.713101498206	0.4707809090614319	0.6050057411193848	0.34355035424232483	-2.799025774002075
13071.722867123432	0.2690463662147522	-0.45929425954818726	0.8115732669830322	-1.0114707946777344
13071.732632348656	0.4773540198802948	-0.9689234495162964	-1.2181971073150635	-1.4558947086334229
13071.742398673658	0.9634474515914917	0.039655786007642746	-1.0087711811065674	-0.9260811805725098
13071.752163998883	1.4759372472763062	1.2570911645889282	-0.2265794575214386	0.6719112396240234
13071.761929324108	1.7512367963790894	1.0620099306106567	-2.1426165103912354	-0.40092402696609497
13071.77170882827	1.6256576776504517	-0.046752989292144775	-2.324465274810791	1.9503469467163086
13071.78147525327	1.1052823066711426	-0.2225353866815567	-0.9658246636390686	0.3850450813770294
13071.791240678494	0.3640749156475067	0.9209660887718201	-2.2546918392181396	1.5273576974868774
13071.80100610372	-0.32897958159446716	1.7121857404708862	-2.5652003288269043	1.0090837478637695
13071.81077222872	-0.7229286432266235	0.9390116930007935	-0.6293936967849731	0.040960490703582764
13071.820537653944	-0.6903272271156311	-0.32420164346694946	-1.1342569589614868	1.1410282850265503
13071.830092088581	-0.2805701196193695	-0.3416942358016968	-1.641295075416565	-0.9790036082267761
13071.839857214032	0.30145007371902466	0.6634728312492371	0.4596288502216339	0.8288780450820923
13071.849622739257	0.7823331952095032	0.855173647403717	0.4975629448890686	-0.480513334274292
13071.859388764256	0.9360417723655701	-0.4272114038467407	-0.49310699105262756	0.46377280354499817
13071.869153989483	0.6796795129776001	-1.6539318561553955	1.2111636400222778	1.1750390529632568
13071.878920114483	0.10869748890399933	-1.3988953828811646	1.4856027364730835	0.43055635690689087
13071.888685239708	-0.5433523654937744	-0.47545021772384644	-0.10906416922807693	2.5283091068267822
13071.898465544546	-1.0035088062286377	-0.6861163377761841	0.9042194485664368	0.7443708181381226
13071.908230669771	-1.074831485748291	-2.0776093006134033	1.3909167051315308	2.305098056793213
13071.91799689477	-0.7197848558425903	-2.852200984954834	-0.5174213647842407	1.0110268592834473
13071.927762119996	-0.07633750140666962	-2.070436954498291	-0.07337075471878052	0.5388126373291016
13071.93752734522	0.6000328063964844	-1.0600180625915527	0.8754170536994934	0.7736584544181824
13071.94729347022	1.0439226627349854	-1.4015040397644043	-0.8133331537246704	-1.4482226371765137
13071.957073272806	1.0917164087295532	-2.536499500274658	-0.6601088047027588	-0.046738531440496445
13071.966838898032	0.7502241730690002	-2.6144566535949707	0.9244711995124817	-2.1814231872558594
13071.976604423257	0.19324742257595062	-1.2977252006530762	-0.18391722440719604	-1.0192980766296387
13071.986369648483	-0.31247052550315857	-0.2836799621582031	-0.26467105746269226	-1.289935827255249
13071.996135973483	-0.5206047296524048	-0.7538970708847046	1.7415810823440552	-1.5274122953414917
13072.005901298708	-0.3100040853023529	-1.6059162616729736	1.1640793085098267	0.21165326237678528
13072.015666523934	0.26343831419944763	-1.1398347616195679	0.59775310754776	-1.2872750759124756
13072.025447126969	0.9897303581237793	0.3512263894081116	2.4947710037231445	0.8488063812255859
13072.035212252194	1.5928553342819214	1.0042732954025269	2.165801525115967	-0.6027349233627319
13072.04497787742	1.8467645645141602	0.18459801375865936	0.8537092804908752	-0.0030135803390294313
13072.054743002645	1.6702792644500732	-0.5703651309013367	2.1890435218811035	-0.10962077230215073
13072.064509327645	1.1608049869537354	0.11243575811386108	1.985372543334961	-1.5731853246688843
13072.07427465287	0.552618682384491	1.3578461408615112	0.024494389072060585	-0.21315845847129822
13072.084054157483	0.11736729741096497	1.3621833324432373	0.742525041103363	-2.384326934814453
13072.093819782709	0.04883202910423279	0.121443010866642	0.8818135857582092	-0.7132540345191956
13072.103586007708	0.3806670308113098	-0.5566646456718445	-1.2389047145843506	-1.560237169265747
13072.113351432934	0.9718809127807617	0.22456257045269012	-0.8761357069015503	-0.968595027923584
13072.123116658158	1.5662018060684204	1.1089879274368286	-0.06198299676179886	0.39575105905532837
13072.132882783158	1.9002412557601929	0.5544682741165161	-1.8094335794448853	-0.47859376668930054
13072.142662184393	1.8147493600845337	-0.8173460960388184	-1.601226806640625	2.027228832244873
13072.152427409843	1.3219449520111084	-1.1418399810791016	-0.06210687384009361	0.625211238861084
13072.162193634844	0.6004655957221985	-0.11189838498830795	-1.2394605875015259	2.173252820968628
13072.171958660068	-0.07992653548717499	0.5746977925300598	-1.314075231552124	1.6320754289627075
13072.181724985068	-0.47206974029541016	-0.2036910206079483	0.5761591196060181	0.944401741027832
13072.191490110294	-0.4554978609085083	-1.2860419750213623	-0.20074230432510376	1.8331743478775024
13072.201256335295	-0.08692123740911484	-0.9772966504096985	-0.8833410143852234	-0.41699275374412537
13072.211035840808	0.4242352545261383	0.3910598158836365	0.8308641910552979	1.13556969165802
13072.220801566033	0.8048925399780273	0.9594609141349792	0.2508372664451599	-0.6526862382888794
13072.230566791259	0.8343305587768555	0.14428751170635223	-1.1704620122909546	0.15933117270469666
13072.240333116259	0.43811890482902527	-0.49135854840278625	0.09626933932304382	0.4072529375553131
13072.250098341483	-0.2797403633594513	0.3840354084968567	-0.1980830729007721	-0.2918667495250702
13072.25986356671	-1.0800508260726929	1.839434266090393	-2.0638628005981445	1.7145859003067017
13072.269643068845	-1.6887775659561157	2.069110870361328	-1.1313437223434448	0.06261850148439407
13072.27940889407	-1.9121206998825073	1.1022289991378784	-0.7965000867843628	1.9461894035339355
13072.28917521907	-1.7176852226257324	0.7388834953308105	-2.572174072265625	0.7239663600921631
13072.298940544295	-1.2474557161331177	1.8104227781295776	-1.7473742961883545	0.6816181540489197
13072.30870566952	-0.7571006417274475	2.907010316848755	-0.5529590845108032	0.8552266359329224
13072.31847209452	-0.5072693228721619	2.4970221519470215	-1.881083369255066	-1.2165287733078003
13072.328237419744	-0.6528257727622986	1.2348090410232544	-1.192914605140686	0.049407243728637695
13072.338016623007	-1.176841139793396	0.968338131904602	0.6703948378562927	-2.341548204421997
13072.347782648232	-1.8972461223602295	1.9471728801727295	-0.25336378812789917	-1.256113052368164
13072.357547773458	-2.543339729309082	2.4517548084259033	-0.04772435873746872	-1.9436671733856201
13072.367313998457	-2.869826316833496	1.4040870666503906	1.958050012588501	-2.108520984649658
13072.377079123682	-2.7601959705352783	0.012307558208703995	1.1864906549453735	-0.5442944169044495
13072.386845348683	-2.2757582664489746	-0.03798574209213257	0.5676717162132263	-1.8488764762878418
13072.396624551267	-1.6296143531799316	0.8877528309822083	2.2547712326049805	0.5576643943786621
13072.406390876267	-1.096567988395691	0.9462326169013977	1.563644289970398	-0.6973541975021362
13072.416156001493	-0.8970442414283752	-0.37648507952690125	0.1515263468027115	0.4364219605922699
13072.425922126493	-1.1040767431259155	-1.468946099281311	1.4333003759384155	0.4158810079097748
13072.435687351719	-1.6126646995544434	-1.0139381885528564	1.0940954685211182	-0.666499137878418
13072.445452576943	-2.1844494342803955	0.03335754573345184	-0.6805631518363953	0.6488319039344788
13072.455233181781	-2.5488228797912598	-0.1013934537768364	0.3931673765182495	-1.5880367755889893
13072.464998507232	-2.517735719680786	-1.3245737552642822	0.7763099670410156	-0.016459722071886063
13072.474764232458	-2.0656778812408447	-1.8162987232208252	-0.8800575733184814	-1.294306755065918
13072.484529357684	-1.341027021408081	-0.7866290211677551	0.09224725514650345	-0.7578057646751404
13072.494294682909	-0.603955864906311	0.3209346830844879	1.2706117630004883	0.1953279823064804
13072.504061007909	-0.11713603883981705	-0.0012670349096879363	-0.10237063467502594	-0.6509278416633606
13072.513826133134	-0.035413872450590134	-1.0617742538452148	0.5404165387153625	1.814806342124939
13072.523605935043	-0.3410737216472626	-1.0334460735321045	2.1615233421325684	0.47733452916145325
13072.533372060043	-0.8520368933677673	0.2652061879634857	0.9120535254478455	2.367724895477295
13072.543137285269	-1.2995206117630005	1.0768250226974487	0.8214154839515686	1.8424439430236816
13072.55290341027	-1.442327857017517	0.34453675150871277	2.389068126678467	1.5422840118408203
13072.562668635494	-1.1694589853286743	-0.7053557634353638	1.1181354522705078	2.349447250366211
13072.572433960719	-0.5476704835891724	-0.42916715145111084	0.1163693442940712	0.1445167064666748
13072.582213863305	0.20612622797489166	0.7413672208786011	1.3927292823791504	1.5448644161224365
13072.59197948853	0.815970778465271	0.9484505653381348	0.28109583258628845	-0.6332852244377136
13072.601744713755	1.0629700422286987	-0.28174713253974915	-1.3617546558380127	0.035394925624132156
13072.611510938756	0.8773605823516846	-1.3167188167572021	-0.24724189937114716	-0.25123730301856995
13072.621276063981	0.3676176071166992	-0.8753272294998169	-0.7575502991676331	-1.0139178037643433
13072.631042188981	-0.22568652033805847	0.049463652074337006	-2.521502733230591	0.7403755784034729
13072.640807414205	-0.6317702531814575	-0.2911240756511688	-1.3576117753982544	-0.8812831044197083
13072.650587717468	-0.6642159223556519	-1.7387340068817139	-0.9488951563835144	1.22797691822052
13072.660352942692	-0.2998069226741791	-2.4472720623016357	-2.481755256652832	0.08621061593294144
13072.670118167918	0.3116881549358368	-1.6541039943695068	-1.3384665250778198	0.5428208708763123
13072.679884392917	0.910919189453125	-0.8146191835403442	-0.12516692280769348	0.7857336401939392
13072.689649718142	1.238748550415039	-1.3859593868255615	-1.4524908065795898	-0.9395191073417664
13072.699415144494	1.1460336446762085	-2.611457586288452	-0.7233607172966003	0.35181307792663574
13072.709195048881	0.6569982767105103	-2.6560721397399902	0.8400993943214417	-2.1214852333068848
13072.718960674107	-0.040592990815639496	-1.376741647720337	-0.48258164525032043	-1.0406159162521362
13072.728726899108	-0.6743120551109314	-0.5396121144294739	-0.5501988530158997	-2.127807855606079
13072.738492024333	-1.0016684532165527	-1.1556968688964844	0.9659304022789001	-2.2847506999969482
13072.748258149333	-0.9120123386383057	-1.9626907110214233	-0.3467576503753662	-1.0397608280181885
13072.758023374558	-0.47268250584602356	-1.34761381149292	-1.2175018787384033	-2.289539337158203
13072.767803676694	0.1000935509800911	0.19720090925693512	0.20045320689678192	0.2088761329650879
13072.777568402369	0.5332396626472473	0.7987674474716187	-0.7518725395202637	-0.9456407427787781
13072.787334627368	0.6129051446914673	0.014280922710895538	-2.0427658557891846	0.6595147252082825
13072.797099952593	0.2755089998245239	-0.5202196836471558	-0.5378186106681824	0.7469109892845154
13072.806865077819	-0.36473163962364197	0.41712167859077454	-0.7003144025802612	0.1429479420185089
13072.816631402819	-1.0634324550628662	1.7693655490875244	-1.9922901391983032	1.5217596292495728
13072.826396728044	-1.5487126111984253	1.784499168395996	-0.35545992851257324	-0.6225597858428955
13072.835950964707	-1.6355257034301758	0.6539437770843506	0.38101670145988464	0.9350358247756958
13072.845716489932	-1.3033415079116821	0.21741820871829987	-0.807259202003479	-0.7094020247459412
13072.855482714933	-0.7043594717979431	1.1806319952011108	0.6421476602554321	-0.25703173875808716
13072.865247840158	-0.09878847002983093	2.0521812438964844	1.9515328407287598	0.179703027009964
13072.875013965158	0.2554492950439453	1.4066070318222046	0.6721702218055725	-0.7765970230102539
13072.884779090384	0.21197296679019928	0.051739245653152466	1.4355130195617676	1.445924162864685
13072.894558993194	-0.20201897621154785	-0.1770782321691513	2.8487064838409424	0.025932280346751213
13072.904324318419	-0.7971482872962952	0.8261061310768127	1.3359419107437134	2.117042303085327
13072.914090443419	-1.3018783330917358	1.2967123985290527	1.1499865055084229	1.5638115406036377
13072.923855568644	-1.4773398637771606	0.2865009009838104	2.4510579109191895	1.6831436157226562
13072.933621893644	-1.2184360027313232	-0.8847667574882507	0.9172290563583374	2.4987239837646484
13072.94338711887	-0.5984945297241211	-0.6086118817329407	-0.027874836698174477	0.514119565486908
13072.95315334387	0.16140297055244446	0.593319833278656	1.2901597023010254	1.9102243185043335
13072.96293294668	0.7854598164558411	0.8669600486755371	0.21943612396717072	-0.4861866533756256
13072.972698571906	1.0592564344406128	-0.16646815836429596	-1.0439897775650024	0.12688688933849335
13072.982463697132	0.9198409914970398	-0.8377909660339355	0.47009775042533875	-0.6632187366485596
13072.992229322357	0.48175370693206787	0.041942842304706573	0.22399891912937164	-1.5231916904449463
13073.001994547581	-0.012006617151200771	1.3748732805252075	-1.0744844675064087	-0.1415160447359085
13073.011760772582	-0.2933417558670044	1.4230906963348389	0.5120439529418945	-1.8420841693878174
13073.02154077742	-0.1830504983663559	0.41987401247024536	1.0288759469985962	0.34351980686187744
13073.031306002646	0.3327232599258423	0.19859594106674194	-0.36648648977279663	-0.7903920412063599
13073.04107122787	1.095908284187317	1.4013909101486206	0.8461688756942749	0.1354156881570816
13073.05083745287	1.8425809144973755	2.4887330532073975	1.7438685894012451	0.49253568053245544
13073.060602678095	2.3137853145599365	2.048412799835205	0.06441134959459305	-0.7522354125976562
13073.070368903096	2.3642728328704834	0.9142223596572876	0.48328837752342224	0.7056618332862854
13073.080148104555	2.0232207775115967	0.8922255039215088	1.4522311687469482	-1.6526261568069458
13073.089913430005	1.4812746047973633	2.021055221557617	-0.44647693634033203	-0.446386456489563
13073.09967895523	1.0094038248062134	2.5087573528289795	-0.8543192744255066	-1.8328313827514648
13073.10944508023	0.8438670039176941	1.4419699907302856	0.21579934656620026	-1.9673811197280884
13073.119210305456	1.0859112739562988	0.17165957391262054	-1.469382405281067	-1.1217851638793945
13073.128976330456	1.6585975885391235	0.2801831066608429	-2.3519532680511475	-2.4310548305511475
13073.138741555682	2.3390049934387207	1.2026220560073853	-0.9472563862800598	-0.036810241639614105
13073.148521460069	2.852207660675049	1.0977853536605835	-1.9067914485931396	-1.2447738647460938
13073.158287585069	2.9873127937316895	-0.3488502502441406	-2.8866958618164062	0.6775321364402771
13073.168052810293	2.6865234375	-1.4288885593414307	-1.095696210861206	0.7963786125183105
13073.177818935294	2.0695886611938477	-0.9728397130966187	-1.1440200805664062	0.6748625636100769
13073.18758416052	1.3833061456680298	-0.09813950210809708	-2.15682053565979	2.16560435295105
13073.197349385744	0.8974210023880005	-0.5017611980438232	-0.3220534324645996	0.25324466824531555
13073.207129689907	0.7909044027328491	-1.8796788454055786	0.2917328476905823	1.9097896814346313
13073.216895315132	1.0766743421554565	-2.375319242477417	-0.9681910276412964	0.03355668485164642
13073.226660640357	1.5965626239776611	-1.3796136379241943	0.3747398555278778	0.4642360806465149
13073.236426165582	2.0886504650115967	-0.44979527592658997	1.2615536451339722	0.3805592656135559
13073.246191490807	2.298509359359741	-0.9579493403434753	-0.3786167800426483	-0.7435497641563416
13073.255957715808	2.0873279571533203	-2.0240936279296875	0.16245192289352417	1.0820794105529785
13073.265722941032	1.4912210702896118	-1.858144998550415	1.1754335165023804	-0.5615101456642151
13073.275502543169	0.7066490054130554	-0.48124611377716064	-0.606479287147522	1.5503333806991577
13073.285268768168	0.008096451871097088	0.28862467408180237	-0.743252694606781	0.8587391972541809
13073.295033893393	-0.3672065734863281	-0.43395307660102844	0.5596885681152344	1.3437111377716064
13073.304800118394	-0.3188164532184601	-1.2826894521713257	-0.8553353548049927	2.183185338973999
13073.314565343619	0.0751931443810463	-0.7238594889640808	-1.3212929964065552	0.5419900417327881
13073.324330768844	0.5919264554977417	0.6081536412239075	0.43800511956214905	2.070568561553955
13073.33411117188	0.9585373997688293	0.8559686541557312	-0.2323538064956665	-0.33891287446022034
13073.343876097331	0.9681748747825623	-0.2630559802055359	-0.8507110476493835	0.3745461106300354
13073.353642422331	0.5679939389228821	-1.035550594329834	1.1906098127365112	-0.7917914986610413
13073.363407547557	-0.11796963959932327	-0.3438664972782135	1.222650170326233	-1.6885135173797607
13073.37317277278	-0.8407362103462219	0.6475215554237366	0.29693537950515747	-0.7198567986488342
13073.382938897781	-1.3311874866485596	0.26029953360557556	2.10857892036438	-2.5664312839508057
13073.392718600368	-1.4134554862976074	-1.1485108137130737	2.4989700317382812	-0.45741143822669983
13073.402484325592	-1.0789798498153687	-1.711089849472046	1.0233184099197388	-1.7025105953216553
13073.412249650817	-0.48994141817092896	-0.8549513816833496	2.1224281787872314	-0.4232003688812256
13073.422015775817	0.08937845379114151	-0.14931786060333252	2.6188812255859375	-0.005474912002682686
13073.431780901043	0.40430209040641785	-0.9132897853851318	0.6449747085571289	-0.7348630428314209
13073.441547026043	0.317317932844162	-2.2029879093170166	0.9376072883605957	0.9588595628738403
13073.451312151268	-0.13395488262176514	-2.2218613624572754	1.629034161567688	-1.1208611726760864
13073.461091857007	-0.7528929114341736	-1.0230129957199097	-0.3946641981601715	0.3497391641139984
13073.470857882232	-1.267267107963562	-0.41892024874687195	-0.624955952167511	-1.1827605962753296
13073.480623107458	-1.4446642398834229	-1.2356548309326172	0.5346937775611877	-1.205904483795166
13073.490389332457	-1.1911476850509644	-2.063110828399658	-0.995339035987854	-0.7534995079040527
13073.500154557683	-0.5914552807807922	-1.39077889919281	-1.4468486309051514	-2.167753219604492
13073.509919882908	0.12625956535339355	0.1000349372625351	0.24791325628757477	-0.03488451614975929
13073.519699484368	0.6862532496452332	0.553427517414093	-0.5548163056373596	-1.4524120092391968
13073.529465909367	0.8810949325561523	-0.2716177999973297	-1.228625774383545	0.5852985382080078
13073.539231134593	0.6586761474609375	-0.6558127403259277	0.6610857844352722	0.5831831693649292
13073.548996359817	0.14356599748134613	0.46061480045318604	0.4119844436645508	0.8515450954437256
13073.558762384819	-0.4163030683994293	1.8547062873840332	-0.7311679720878601	2.415635824203491
13073.568527710044	-0.7550776600837708	1.8493415117263794	0.8209059238433838	0.8108448386192322
13073.578293235269	-0.7019835114479065	0.8302296996116638	0.8410677313804626	2.656040668487549
13073.588073840332	-0.2541189193725586	0.6470838785171509	-0.8967146277427673	0.7083243131637573
13073.597839065556	0.4217304587364197	1.8051543235778809	0.009586296044290066	1.2434711456298828
13073.607604290783	1.0590319633483887	2.693683624267578	0.267848402261734	0.7328009605407715
13073.617370615782	1.4036517143249512	2.01812481880188	-1.790942668914795	-0.5150299072265625
13073.627135741008	1.3208208084106445	0.7591623067855835	-1.4220852851867676	0.8524359464645386
13073.636901866008	0.8517229557037354	0.6966884136199951	-0.6653503179550171	-1.0956745147705078
13073.646680867692	0.1957961469888687	1.7298169136047363	-2.4954535961151123	0.872880220413208
13073.656447292693	-0.37376853823661804	2.0439529418945312	-2.3622212409973145	-0.09261374920606613
13073.666212517917	-0.625616192817688	0.8714781999588013	-0.8841534852981567	0.6379051208496094
13073.675977743143	-0.4680548310279846	-0.3286457657814026	-2.070481538772583	1.4353066682815552
13073.685743868144	0.012224358506500721	-0.05682479217648506	-2.068552017211914	0.17597198486328125
13073.69550899427	0.5868954658508301	0.97929447889328	-0.026520563289523125	1.9118833541870117
13073.705288797531	0.9826849699020386	0.9523073434829712	-0.5702590346336365	-0.33060377836227417
13073.71505442298	0.9971332550048828	-0.3072148263454437	-0.9303707480430603	0.6542544364929199
13073.724820647982	0.5845065116882324	-1.0430543422698975	1.1557505130767822	-0.7020096182823181
13073.734585873206	-0.12445355206727982	-0.22107034921646118	0.9664900898933411	-1.4938405752182007
13073.744351098432	-0.8772935271263123	0.9101698398590088	-0.056846749037504196	-0.8853343725204468
13073.754117323431	-1.4059895277023315	0.7051070928573608	1.5662425756454468	-2.8678231239318848
13073.763882948657	-1.5396170616149902	-0.39749595522880554	1.5468848943710327	-0.9427605271339417
13073.773662353495	-1.275943636894226	-0.5485668182373047	-0.12634149193763733	-2.4141640663146973
13073.783428478495	-0.7816967368125916	0.7015673518180847	0.893587589263916	-0.9427298307418823
13073.79319380372	-0.3214046359062195	1.7064141035079956	1.1929353475570679	-0.5964162945747375
13073.802959028946	-0.144891157746315	1.1938881874084473	-0.710840106010437	-0.8798299431800842
13073.812725253945	-0.3809804320335388	0.17025116086006165	-0.08928678929805756	1.0179336071014404
13073.82249057917	-0.9823427200317383	0.3801332712173462	0.8340346217155457	-0.7010080814361572
13073.832045315383	-1.7447996139526367	1.651934027671814	-0.7839280962944031	1.1277196407318115
13073.841810840608	-2.3929407596588135	2.1429173946380615	-0.36737778782844543	-0.3943144381046295
13073.851575965833	-2.695878505706787	1.1143301725387573	1.2482962608337402	-0.17528235912322998
13073.861342090833	-2.564232110977173	0.04171045869588852	0.13416144251823425	-0.03183061257004738
13073.871107216059	-2.08736252784729	0.3822191059589386	0.22989918291568756	-1.5097028017044067
13073.880873341059	-1.495132327079773	1.3745609521865845	2.1843557357788086	0.28516367077827454
13073.890638566283	-1.0603538751602173	1.1975196599960327	1.4156793355941772	-1.4445436000823975
13073.900418569545	-0.9831629395484924	-0.2647836208343506	0.852130651473999	0.5179837346076965
13073.910183794771	-1.306181788444519	-1.2321332693099976	2.601393938064575	0.2151106894016266
13073.91995001977	-1.896332025527954	-0.7011997103691101	1.9498995542526245	0.712647020816803
13073.929715244996	-2.500983715057373	0.05781923234462738	0.5492051839828491	2.2274978160858154
13073.93948047022	-2.854713201522827	-0.5575554966926575	1.776915431022644	0.9190959930419922
13073.949246695222	-2.7915544509887695	-2.0389342308044434	1.2964472770690918	2.9773058891296387
13073.959026498707	-2.3153045177459717	-2.516758680343628	-0.6871590614318848	1.0919320583343506
13073.968791823932	-1.5981680154800415	-1.5704777240753174	0.10832963138818741	1.8726568222045898
13073.978557948933	-0.9083114266395569	-0.8515974283218384	0.1478254497051239	1.0914182662963867
13073.988323274158	-0.49693921208381653	-1.5783566236495972	-1.8692610263824463	-0.14622832834720612
13073.998088499384	-0.4926060438156128	-2.6901040077209473	-1.245573878288269	0.8080273866653442
13074.007854824384	-0.8474249839782715	-2.4518325328826904	-0.389773964881897	-1.4296483993530273
13074.017634727645	-1.3578957319259644	-1.0830092430114746	-2.0104377269744873	0.2979978919029236
13074.027400053095	-1.7515429258346558	-0.43601104617118835	-1.5119909048080444	-1.0494335889816284
13074.037165278321	-1.802741527557373	-1.2097115516662598	0.06068602204322815	-0.21662971377372742
13074.04693140332	-1.4287716150283813	-1.9099740982055664	-1.1247434616088867	0.41446685791015625
13074.056696528545	-0.7254990339279175	-1.1276167631149292	-1.0359182357788086	-0.5121334791183472
13074.06646185377	0.07240648567676544	0.3111388683319092	0.7854124307632446	1.4157830476760864
13074.076227478996	0.6899147033691406	0.5739904046058655	-0.17789344489574432	-0.5537976622581482
13074.086007681131	0.927146315574646	-0.4257434010505676	-0.833069920539856	0.830011248588562
13074.095773506357	0.7431471347808838	-0.9140914082527161	0.7757143974304199	-0.5270265340805054
13074.105538731583	0.27253174781799316	0.04893000051379204	-0.047636259347200394	-1.0329935550689697
13074.115304056808	-0.2320292890071869	1.1395454406738281	-1.4484754800796509	-0.6569377183914185
13074.125070081807	-0.5071631073951721	0.7673614025115967	-0.16801734268665314	-2.680370569229126
13074.134835307033	-0.39061439037323	-0.5196985006332397	-0.598617434501648	-0.9687477946281433
13074.144615410294	0.10973242670297623	-0.8585713505744934	-2.3384599685668945	-2.7295286655426025
13074.154380935519	0.8188028931617737	0.12182603031396866	-1.1989439725875854	-1.2196621894836426
13074.16414716052	1.468013882637024	0.7528316378593445	-0.8524724841117859	-1.1094187498092651
13074.173912185744	1.8085509538650513	-0.13504721224308014	-2.435835599899292	-1.0929666757583618
13074.18367751097	1.7163747549057007	-1.4259110689163208	-1.3077752590179443	0.8796571493148804
13074.19344363597	1.2445799112319946	-1.386483907699585	-0.07047154754400253	-0.4995051920413971
13074.203208861196	0.6009806394577026	-0.2677566409111023	-1.3006694316864014	1.6947025060653687
13074.212988964005	0.06039551645517349	0.09185177087783813	-0.3926953673362732	0.2912759482860565
13074.222754389231	-0.15130360424518585	-0.9391856789588928	1.4036624431610107	0.8756133317947388
13074.23252061423	0.047621697187423706	-1.8191388845443726	0.3655412197113037	0.8369351029396057
13074.242286239456	0.5605753064155579	-1.1563050746917725	0.6196094751358032	-0.5894302129745483
13074.252051264682	1.1538593769073486	0.18997740745544434	2.4415268898010254	0.8851034641265869
13074.261816589908	1.5559099912643433	0.40673282742500305	1.393947958946228	-1.168623685836792
13074.271596793395	1.5725895166397095	-0.5382291078567505	0.7336409687995911	0.5934700965881348
13074.281362018619	1.1698065996170044	-0.8585214018821716	2.2623512744903564	-0.1584387868642807
13074.291127743843	0.4885370433330536	0.33542317152023315	1.3064701557159424	0.3908330202102661
13074.300893968844	-0.21411001682281494	1.6737759113311768	-0.08604385703802109	1.6829842329025269
13074.310659194069	-0.6728853583335876	1.57850980758667	1.2097946405410767	0.580424427986145
13074.320424519294	-0.7258232831954956	0.6284083127975464	0.7423496842384338	2.7921431064605713
13074.330205102959	-0.38201773166656494	0.6635528206825256	-0.9011914730072021	1.0356096029281616
13074.339969728633	0.18288147449493408	1.984290599822998	0.35830157995224	2.165207624435425
13074.349736053635	0.7015393376350403	2.880427598953247	0.7121442556381226	1.2797573804855347
13074.359501478859	0.9285230040550232	2.203359603881836	-0.8110775351524353	0.23469871282577515
13074.369266704085	0.74459308385849	1.093268871307373	0.3711513876914978	0.9070259928703308
13074.379032929084	0.2076176255941391	1.250677227973938	1.4783610105514526	-1.5044264793395996
13074.38879805431	-0.47141700983047485	2.3657240867614746	0.08587300032377243	-0.019641458988189697
13074.398577976042	-1.0171666145324707	2.591632843017578	0.8214192390441895	-1.7840468883514404
13074.408343101268	-1.2059568166732788	1.34627366065979	2.254390001296997	-0.963936984539032
13074.418109326269	-0.9600489735603333	0.20579193532466888	0.7999811768531799	-0.6368120908737183
13074.427874451494	-0.3803114593029022	0.5385152697563171	0.6928489804267883	-1.340373158454895
13074.437640576494	0.2965087294578552	1.4553056955337524	2.0428712368011475	0.6769856214523315
13074.447405801719	0.7978538274765015	1.173987865447998	0.512546718120575	-1.011475920677185
13074.457185306783	0.930474042892456	-0.2660708725452423	-0.475826621055603	0.8108165264129639
13074.466951731782	0.6619471311569214	-1.0443476438522339	0.723751425743103	-0.4120171368122101
13074.476717057007	0.1341506540775299	-0.2945351004600525	-0.5356753468513489	-0.46872761845588684
13074.486482282233	-0.3970036506652832	0.5995657444000244	-2.0240678787231445	-0.16704392433166504
13074.496248507232	-0.6701005101203918	0.10603399574756622	-0.7658066749572754	-2.0745866298675537
13074.506013832457	-0.5291457176208496	-1.133679747581482	-1.2753394842147827	-0.5238943696022034
13074.515779057683	0.009998488239943981	-1.2737300395965576	-2.7912096977233887	-2.556067705154419
13074.525558861395	0.7657514214515686	-0.058401767164468765	-1.3583279848098755	-1.1056900024414062
13074.535325086395	1.4669383764266968	0.782924234867096	-0.9194014668464661	-1.3730868101119995
13074.54509041162	1.866740345954895	0.13800959289073944	-2.2790298461914062	-1.2285947799682617
13074.55485663662	1.8463218212127686	-0.8221800923347473	-0.9175607562065125	0.6276889443397522
13074.564621861846	1.4643537998199463	-0.43145209550857544	0.21765466034412384	-0.5245065689086914
13074.57438758707	0.9315117001533508	0.9337752461433411	-1.1333717107772827	1.942471981048584
13074.584167589655	0.5207374095916748	1.4046777486801147	-0.31993165612220764	0.6815102696418762
13074.593933014881	0.45119810104370117	0.42759397625923157	1.0561985969543457	1.6980104446411133
13074.603698140107	0.7949920892715454	-0.4145302176475525	-0.4415512979030609	1.5967873334884644
13074.613464365108	1.446037769317627	0.1922435760498047	-0.4779932200908661	0.37167322635650635
13074.623229490331	2.1643033027648926	1.2978107929229736	0.8852931261062622	1.6197227239608765
13074.632995615331	2.6766932010650635	1.120258092880249	-0.5928602814674377	-0.6721917390823364
13074.642775619044	2.791964530944824	-0.25963762402534485	-1.3461183309555054	0.8616548180580139
13074.65254014472	2.4811177253723145	-1.0152490139007568	0.09352803975343704	-0.40610823035240173
13074.66230646972	1.8892920017242432	-0.3258962333202362	-0.9080027341842651	0.05825234204530716
13074.672071694944	1.274144172668457	0.3961198329925537	-1.96428644657135	0.9560226798057556
13074.681837919945	0.8967598676681519	-0.34243911504745483	-0.2743662893772125	-0.07487224787473679
13074.691603346071	0.911196231842041	-1.8390817642211914	-0.4246906340122223	2.158829689025879
13074.701368771295	1.2993428707122803	-2.237293243408203	-1.4927986860275269	0.5147169828414917
13074.711148473882	1.8786269426345825	-1.3128762245178223	0.3393925726413727	2.020042896270752
13074.720913799107	2.3793070316314697	-0.7936096787452698	1.0014469623565674	1.1530035734176636
13074.730680024108	2.5586884021759033	-1.7300461530685425	-0.1379808485507965	0.47471195459365845
13074.740445249332	2.303989887237549	-2.8933141231536865	1.3797374963760376	1.035697102546692
13074.750210774557	1.6803841590881348	-2.6229629516601562	2.4577317237854004	-1.360880970954895
13074.759975999783	0.9039071798324585	-1.3317965269088745	1.0180435180664062	-0.02751428261399269
13074.76975580282	0.2506757080554962	-0.8811333179473877	1.7393654584884644	-2.148669719696045
13074.779522027819	-0.05922606959939003	-1.7710336446762085	2.862107276916504	-1.386268973350525
13074.789287253045	0.045869819819927216	-2.393148422241211	1.1109833717346191	-1.4636828899383545
13074.799053378045	0.45959484577178955	-1.4752572774887085	0.9175974726676941	-2.0675203800201416
13074.80881860327	0.9431954622268677	-0.021046748384833336	2.048208713531494	-0.11798363924026489
13074.818583928494	1.2271541357040405	0.18840137124061584	0.3609505891799927	-1.6057323217391968
13074.82834955372	1.125824213027954	-0.7330173850059509	-0.44627833366394043	0.5904165506362915
13074.837904689257	0.6166232228279114	-0.9692243337631226	0.9069021940231323	-0.45655888319015503
13074.847670014482	-0.14969365298748016	0.2327052801847458	-0.19905619323253632	0.02848120406270027
13074.857435139707	-0.9120308756828308	1.4064717292785645	-1.2289546728134155	0.3884444236755371
13074.867201264708	-1.4086079597473145	1.0685087442398071	0.43912389874458313	-1.2308703660964966
13074.876966389933	-1.486941933631897	-0.050199028104543686	0.15963497757911682	0.26768800616264343
13074.886732514933	-1.1676846742630005	-0.11596803367137909	-0.9753219485282898	-1.9370065927505493
13074.896512318419	-0.6353486180305481	1.0333317518234253	0.7237154245376587	-0.5617706179618835
13074.906277643644	-0.15984345972537994	1.6458830833435059	1.0839403867721558	-1.278427243232727
13074.916043868645	0.018006300553679466	0.7116393446922302	-0.3310736417770386	-1.1461819410324097
13074.92580899387	-0.21142013370990753	-0.4993000030517578	0.8896211981773376	0.39608198404312134
13074.935574219095	-0.779947817325592	-0.3421163856983185	1.5241045951843262	-0.6925668120384216
13074.945340344095	-1.4702327251434326	0.7332763671875	-0.30425572395324707	1.8736379146575928
13074.955120147357	-2.0075125694274902	0.8810997009277344	0.11419615149497986	0.6874328255653381
13074.964885572806	-2.1757068634033203	-0.33079254627227783	0.8701138496398926	2.116117238998413
13074.974650998032	-1.9088037014007568	-1.2494018077850342	-1.1459639072418213	2.018232822418213
13074.984417123032	-1.318908452987671	-0.6193598508834839	-1.4201964139938354	1.127579689025879
13074.994182448258	-0.6491010189056396	0.5325547456741333	-0.3694548010826111	2.2762386798858643
13075.003947673482	-0.17101845145225525	0.459408164024353	-2.043858051300049	-0.09554673731327057
13075.013713798482	-0.07044143229722977	-0.6594472527503967	-2.6361660957336426	1.2795236110687256
13075.023493403096	-0.36923015117645264	-0.9887919425964355	-1.0713363885879517	-0.46490320563316345
13075.033259528096	-0.9165929555892944	0.18393047153949738	-1.9600211381912231	-0.13672961294651031
13075.043024853321	-1.4533699750900269	1.3628250360488892	-2.632593870162964	0.2514358460903168
13075.052790078546	-1.7221572399139404	1.0924838781356812	-0.6565291881561279	-0.8335272669792175
13075.062556203546	-1.5767216682434082	0.14234352111816406	-0.7302619814872742	1.2570185661315918
13075.07232152877	-1.0444602966308594	0.32498523592948914	-1.591780185699463	-0.3591485917568207
13075.082100830681	-0.31549596786499023	1.7359468936920166	0.31835421919822693	1.4608659744262695
13075.09186735568	0.33699095249176025	2.5891008377075195	0.7381095290184021	0.6548194289207458
13075.101632580907	0.6715370416641235	1.8976284265518188	-0.5676010847091675	0.4559739828109741
13075.111397706132	0.5797825455665588	0.9485290050506592	0.7606722116470337	1.0568958520889282
13075.121163831132	0.13163265585899353	1.3424574136734009	1.3816213607788086	-1.1153831481933594
13075.130928956358	-0.45488137006759644	2.563152551651001	-0.381035715341568	0.2177698165178299
13075.140695181357	-0.9062969088554382	2.751680612564087	0.19648779928684235	-2.114016056060791
13075.15047518507	-1.009787917137146	1.5153429508209229	1.0450159311294556	-1.3673840761184692
13075.160240410294	-0.7035479545593262	0.5247690677642822	-0.7906572818756104	-1.8745173215866089
13075.17000553552	-0.10328558087348938	0.9963192939758301	-0.7410109639167786	-2.4654669761657715
13075.179771760519	0.5463707447052002	1.8655279874801636	0.5754091143608093	-0.7453047037124634
13075.189536985745	0.9750267863273621	1.412345051765442	-0.8105877041816711	-2.1634981632232666
13075.199303210744	1.000644564628601	-0.11979266256093979	-1.003142237663269	0.25498297810554504
13075.20908211333	0.6064074635505676	-0.8716779351234436	0.8562058210372925	-0.6762869954109192
13075.21884853833	-0.05215611308813095	-0.1582786589860916	0.1698923110961914	0.3401486277580261
13075.228614063555	-0.7127988338470459	0.5158467888832092	-0.25998935103416443	0.8172478079795837
13075.23837938878	-1.1171995401382446	-0.25032126903533936	1.813956618309021	-0.3801160156726837
13075.248144614006	-1.1198698282241821	-1.6204214096069336	1.6615829467773438	1.1847524642944336
13075.257910939006	-0.7493011951446533	-1.7730122804641724	0.7293041348457336	-1.0419166088104248
13075.26769094452	-0.1955166906118393	-0.6474021673202515	2.458739757537842	0.32105711102485657
13075.277456569971	0.2707063853740692	-0.032190434634685516	2.523777484893799	-0.824059009552002
13075.287221795195	0.41279909014701843	-0.8627949357032776	0.9069700837135315	-0.7682448029518127
13075.296987020422	0.12895722687244415	-1.8134952783584595	1.9213684797286987	0.31334933638572693
13075.30675314542	-0.504212498664856	-1.3121707439422607	2.1200883388519287	-0.8681724667549133
13075.316518470647	-1.263411045074463	0.0688546895980835	0.03362985700368881	1.5892797708511353
13075.32628389587	-1.872334599494934	0.46126067638397217	0.39134201407432556	0.34308162331581116
13075.336063599132	-2.1177494525909424	-0.4932219088077545	0.963916003704071	2.0758450031280518
13075.345829924132	-1.938908338546753	-1.1203125715255737	-1.0502265691757202	1.9669500589370728
13075.355595149358	-1.452533483505249	-0.2630164921283722	-1.0394201278686523	1.4823265075683594
13075.365360374582	-0.9028149843215942	0.9522266983985901	0.1728210747241974	2.6395139694213867
13075.375126499583	-0.5575680732727051	0.804205596446991	-1.2964826822280884	0.370423287153244
13075.384891624808	-0.5944424867630005	-0.43169742822647095	-1.4669303894042969	1.721662998199463
13075.394672026943	-1.0252807140350342	-0.906481146812439	0.30882135033607483	-0.3631259500980377
13075.40443725217	-1.6906012296676636	0.005033994559198618	-0.5347728729248047	-0.12035125494003296
13075.414202477394	-2.326544761657715	0.7616894841194153	-1.0532829761505127	-0.26232150197029114
13075.423968602394	-2.675999641418457	-0.006813399493694305	0.828488826751709	-1.4680694341659546
13075.43373382762	-2.5969483852386475	-1.4168387651443481	0.3738373816013336	0.3323695659637451
13075.44349995262	-2.122253894805908	-1.6517573595046997	-0.7731467485427856	-1.3685306310653687
13075.453265177845	-1.445621132850647	-0.6907206773757935	0.7180064916610718	0.6364772915840149
13075.463045081557	-0.8396713733673096	-0.32084375619888306	0.472180038690567	-0.15320615470409393
13075.472810406782	-0.5407513976097107	-1.4154906272888184	-1.308379888534546	0.14620329439640045
13075.482575932007	-0.6491576433181763	-2.5945723056793213	-0.3684193193912506	0.8681210875511169
13075.492342257006	-1.086941123008728	-2.293375253677368	-0.2645307779312134	-0.9089939594268799
13075.502107482233	-1.6311215162277222	-1.1132359504699707	-2.271845579147339	0.5806645154953003
13075.511872807458	-2.0082714557647705	-0.9011229276657104	-1.6818455457687378	-1.7683907747268677
13075.521653209818	-2.0104928016662598	-1.9503101110458374	-0.9003047943115234	-0.9228267073631287
13075.531418435043	-1.5837697982788086	-2.5546698570251465	-2.590322971343994	-1.797155737876892
13075.541184660044	-0.8513498902320862	-1.5905808210372925	-2.1237406730651855	-2.3900468349456787
13075.550949885268	-0.06226775422692299	-0.22294114530086517	-0.5419782400131226	-1.014423131942749
13075.560715010493	0.5132444500923157	-0.15570691227912903	-1.6450601816177368	-2.491731643676758
13075.570481335493	0.6972684264183044	-1.071210265159607	-1.379713773727417	-0.044789377599954605
13075.58026143943	0.47867146134376526	-1.1287219524383545	0.6888574361801147	-0.9974988698959351
13075.590026964881	0.017077073454856873	0.23248864710330963	0.03824291005730629	0.4373568594455719
13075.599792190107	-0.42533421516418457	1.4244509935379028	-0.2439819723367691	0.9922743439674377
13075.609557415331	-0.5953617095947266	1.0906327962875366	1.7482300996780396	0.26863476634025574
13075.619323740331	-0.3565131425857544	0.13769666850566864	1.285272479057312	1.9766179323196411
13075.629088865557	0.25261226296424866	0.3482542932033539	0.20936435461044312	-0.11775296926498413
13075.638854090783	1.033968210220337	1.6727936267852783	1.7338889837265015	1.3422949314117432
13075.648633992243	1.7131315469741821	2.2956159114837646	1.437687873840332	-0.1270083785057068
13075.658400217242	2.0547003746032715	1.37555992603302	-0.26616713404655457	-0.118294857442379
13075.668165442466	1.9612611532211304	0.3182086944580078	0.8006306290626526	0.4477456212043762
13075.677931667467	1.5141055583953857	0.6561448574066162	0.9636244773864746	-0.9209524393081665
13075.687696792693	0.9384984970092773	1.741592526435852	-0.8705639839172363	1.2439992427825928
13075.69746271882	0.5081786513328552	1.7391735315322876	-0.0357707254588604	-0.21531713008880615
13075.707242423881	0.42945414781570435	0.41708728671073914	0.8792551755905151	1.6544612646102905
13075.717008049107	0.7538785934448242	-0.4840487241744995	-0.6516854763031006	1.4430264234542847
13075.726773274333	1.3564121723175049	0.1365838646888733	0.007703710813075304	1.3511360883712769
13075.736538599558	1.988297700881958	1.0948079824447632	1.6053253412246704	2.5620269775390625
13075.746304824557	2.3823041915893555	0.7294021844863892	0.44179171323776245	0.5477885007858276
13075.756070049783	2.365860939025879	-0.5711527466773987	0.6525794863700867	2.023232936859131
13075.765835375008	1.934266209602356	-0.9440364837646484	2.478912591934204	-0.207832470536232
13075.775615577144	1.2530276775360107	0.13958236575126648	1.4706144332885742	0.08545122295618057
13075.785380802368	0.588342547416687	1.0784871578216553	0.8744374513626099	-0.5038988590240479
13075.79514702737	0.19508641958236694	0.5609184503555298	2.4432389736175537	-1.806676983833313
13075.804912152595	0.20964361727237701	-0.4581637978553772	1.4780524969100952	-0.3779031038284302
13075.814678377594	0.5928595066070557	-0.2110043168067932	0.02693435363471508	-2.2537882328033447
13075.824443702819	1.1472150087356567	1.196507215499878	1.1863726377487183	-0.21933935582637787
13075.833998539258	1.6009565591812134	1.9281169176101685	0.497249960899353	-1.1008484363555908
13075.843763364708	1.7236164808273315	1.1745696067810059	-1.4208528995513916	-0.37947750091552734
13075.853529589707	1.4240965843200684	0.3574892282485962	-0.4801909029483795	0.4476507604122162
13075.863294814932	0.7898512482643127	0.9608613848686218	-0.4747445583343506	-0.8492539525032043
13075.873060839933	0.05060374736785889	2.269672155380249	-2.321776866912842	0.9020763635635376
13075.882825965158	-0.5180827379226685	2.4355404376983643	-1.4108943939208984	-1.2792202234268188
13075.892605867068	-0.7106360197067261	1.2592064142227173	-0.511784017086029	-0.18838678300380707
13075.902371392518	-0.4777670204639435	0.4839526116847992	-2.007911443710327	-1.298058271408081
13075.912137617519	0.053236398845911026	1.1568458080291748	-1.2571181058883667	-1.8273001909255981
13075.921902742744	0.6327818632125854	2.047367811203003	0.28897759318351746	-0.8315057158470154
13075.931667967969	0.9948687553405762	1.5141440629959106	-0.9507007002830505	-2.443863868713379
13075.94143419297	0.9698494672775269	-0.0027235925663262606	-0.7531865239143372	-0.147934228181839
13075.951199518195	0.5563973188400269	-0.6322735548019409	0.9401508569717407	-1.2864989042282104
13075.960979023257	-0.07773734629154205	0.11657297611236572	-0.23236453533172607	0.3837735950946808
13075.970745448258	-0.6665046811103821	0.6325238347053528	-0.8657210469245911	0.8873114585876465
13075.980510573483	-0.9579578638076782	-0.341134250164032	0.636093258857727	0.5898247361183167
13075.990276798482	-0.8207784295082092	-1.7857844829559326	-0.39377260208129883	2.4382617473602295
13076.000042123707	-0.2999061048030853	-1.9279156923294067	-1.7169934511184692	0.5843795537948608
13076.009807348933	0.402238667011261	-0.9031814932823181	-0.376158744096756	2.248586654663086
13076.01958765197	1.0110070705413818	-0.5374231338500977	-0.8812392354011536	0.6062479019165039
13076.029352877194	1.2952255010604858	-1.5764621496200562	-2.4293570518493652	0.6758196949958801
13076.03911820242	1.1644582748413086	-2.553255796432495	-1.0521873235702515	0.7741223573684692
13076.04888432742	0.706732451915741	-2.0053391456604004	-0.6766430735588074	-0.7793981432914734
13076.058649452645	0.15078924596309662	-0.6901518106460571	-2.058389663696289	0.9852925539016724
13076.068415777645	-0.2311774641275406	-0.44876617193222046	-0.6617469787597656	-0.8018576502799988
13076.07818110287	-0.23918315768241882	-1.4353227615356445	0.5616850852966309	1.0291833877563477
13076.087960507259	0.1693732887506485	-1.900014042854309	-0.6250578761100769	0.5784948468208313
13076.097725932483	0.8610281348228455	-0.8527591824531555	0.42260584235191345	0.7879759669303894
13076.107492057483	1.5819690227508545	0.42052191495895386	2.063825845718384	2.0153181552886963
13076.117257582708	2.064613103866577	0.2825189232826233	0.8515458106994629	0.3351106643676758
13076.127023707708	2.1400160789489746	-0.7985154390335083	1.0988155603408813	2.0407028198242188
13076.136788732934	1.8086185455322266	-0.972886860370636	2.6897411346435547	-0.14147593080997467
13076.146569033943	1.239439606666565	0.18103040754795074	1.3637919425964355	0.3781681954860687
13076.156334259169	0.6980705857276917	1.0101463794708252	0.680010974407196	-0.4969671070575714
13076.166099484393	0.4339044988155365	0.2810199558734894	2.072411298751831	-1.7815629243850708
13076.175865709392	0.5742694139480591	-0.9555383324623108	0.9081002473831177	-0.714655876159668
13076.185630834618	1.0702111721038818	-0.9485819935798645	-0.3967839479446411	-2.789984703063965
13076.195397059619	1.7168445587158203	0.1147741749882698	0.9612210988998413	-0.8563913702964783
13076.205176964006	2.239677906036377	0.40504392981529236	0.4195356070995331	-1.9558645486831665
13076.214941589682	2.410433769226074	-0.7678416967391968	-1.0441855192184448	-0.9543738961219788
13076.224707114907	2.1434218883514404	-1.8931688070297241	0.40884628891944885	-0.1286393105983734
13076.234473339908	1.531739592552185	-1.524167537689209	0.7269143462181091	-0.9659736156463623
13076.244238665133	0.807999849319458	-0.4460916221141815	-0.6758050322532654	1.0596550703048706
13076.254004890132	0.24618519842624664	-0.47102588415145874	0.6663663983345032	-0.8313649892807007
13076.263770015357	0.046100713312625885	-1.6825388669967651	1.6419830322265625	0.6283069849014282
13076.273549819069	0.24925512075424194	-2.296736240386963	0.18484795093536377	-0.5586169958114624
13076.283314944294	0.721714437007904	-1.3505462408065796	0.9562880992889404	-0.8999205827713013
13076.293081169295	1.2111692428588867	-0.15355686843395233	2.1509242057800293	-0.23439477384090424
13076.30284639452	1.4540921449661255	-0.3087652921676636	0.4813080132007599	-1.9747767448425293
13076.31261261952	1.2876931428909302	-1.2945359945297241	0.35919108986854553	0.05506937578320503
13076.322377944745	0.7193515300750732	-1.2631691694259644	1.5051779747009277	-1.402986764907837
13076.332157748231	-0.07582596689462662	0.1517404019832611	-0.22781433165073395	0.304084450006485
13076.341923173457	-0.828299343585968	1.2641440629959106	-1.1333461999893188	0.5759292244911194
13076.351688398683	-1.2872756719589233	0.865013599395752	0.05250159651041031	0.5727669596672058
13076.361454623682	-1.325956106185913	0.029392767697572708	-1.270885944366455	2.4688541889190674
13076.371219748908	-0.9943811297416687	0.47022196650505066	-2.5254008769989014	0.8835194706916809
13076.380985873908	-0.4975520074367523	1.9288208484649658	-1.078498125076294	2.80880069732666
13076.390750999133	-0.10808411240577698	2.5482614040374756	-1.5486348867416382	1.1403850317001343
13076.400531102394	-0.05031561106443405	1.6661287546157837	-2.7933332920074463	1.4160112142562866
13076.41029632762	-0.4048568308353424	0.8052956461906433	-1.1144788265228271	1.1752135753631592
13076.42006255262	-1.0739275217056274	1.3654041290283203	-0.6823516488075256	-0.46138709783554077
13076.429827677845	-1.8221383094787598	2.50545597076416	-1.9087681770324707	0.8990954756736755
13076.439594002844	-2.375490188598633	2.418715715408325	-0.39948853850364685	-1.2463123798370361
13076.449359028069	-2.536760091781616	1.072264552116394	0.5871846079826355	0.4161381721496582
13076.45913843088	-2.268514394760132	0.26898571848869324	-0.8329695463180542	-0.4055533707141876
13076.468904256106	-1.7086763381958008	0.937544584274292	0.01623581349849701	-0.029664162546396255
13076.478670581106	-1.1120673418045044	1.74653160572052	1.1706691980361938	1.1052507162094116
13076.488435806332	-0.7426319718360901	1.136889100074768	-0.4936884343624115	-0.25111281871795654
13076.498201131557	-0.7618939876556396	-0.30118831992149353	-0.48070013523101807	1.708940029144287
13076.507966556783	-1.1607803106307983	-0.7014879584312439	0.7552090287208557	-0.2835071384906769
13076.517747359143	-1.763624668121338	0.27393803000450134	-0.8291038870811462	0.6196653842926025
13076.527512584593	-2.3026556968688965	0.9380530118942261	-1.4058949947357178	-0.3506796360015869
13076.537277909818	-2.5314865112304688	0.13982762396335602	0.09504981338977814	-1.441033959388733
13076.547044034818	-2.3296382427215576	-0.9894229769706726	-0.9080429077148438	-0.63963782787323
13076.556809160043	-1.753922700881958	-0.7448534369468689	-1.6984846591949463	-2.8525919914245605
13076.566574485269	-1.0149577856063843	0.5713105797767639	0.1657668948173523	-1.0835331678390503
13076.57634071027	-0.3887366056442261	1.0990147590637207	0.008237464353442192	-2.493773937225342
13076.586119915557	-0.10061148554086685	0.22075501084327698	-0.8697545528411865	-1.3699164390563965
13076.595885340783	-0.2307124137878418	-0.5198907852172852	1.0848808288574219	-0.7069075107574463
13076.605651465783	-0.680761992931366	0.23066024482250214	1.5976041555404663	-1.1972640752792358
13076.615417091007	-1.216300368309021	1.5707730054855347	0.4427323341369629	1.011513590812683
13076.625183116008	-1.5664664506912231	1.6876099109649658	1.9496482610702515	-0.5638982057571411
13076.634948341232	-1.5391557216644287	0.5796059370040894	2.733490467071533	1.3161982297897339
13076.644727844045	-1.1028800010681152	0.0425863042473793	1.1089824438095093	0.1832052618265152
13076.654493269269	-0.4007231593132019	0.9414935111999512	1.770503044128418	0.16851305961608887
13076.66425949427	0.30951231718063354	1.8932150602340698	2.6060900688171387	0.6133307814598083
13076.674024519494	0.763684868812561	1.3524445295333862	0.6638777852058411	-1.164825439453125
13076.683790744495	0.8024235367774963	-0.05253692343831062	0.5161852836608887	0.5751585364341736
13076.693556370845	0.4380214810371399	-0.46538007259368896	1.5304068326950073	-1.2580546140670776
13076.703321696072	-0.1511509120464325	0.4007757306098938	-0.23183079063892365	0.3300510346889496
13076.713100996854	-0.696345865726471	0.8426679372787476	-0.834479570388794	0.19558128714561462
13076.722867321854	-0.9522556662559509	-0.2415759414434433	0.5917961597442627	0.31382662057876587
13076.73263254708	-0.8008443713188171	-1.6675955057144165	-0.5108126401901245	2.095576047897339
13076.742397872305	-0.3013114929199219	-1.734861969947815	-1.2902694940567017	0.7206729054450989
13076.752164097305	0.33492809534072876	-0.7767513990402222	0.5069237947463989	2.8837382793426514
13076.76192982253	0.833674430847168	-0.6365126967430115	0.1651221662759781	1.2844207286834717
13076.771709727369	0.9739876389503479	-1.862487554550171	-0.8424465656280518	1.8952884674072266
13076.781474952593	0.681804358959198	-2.8639299869537354	0.9047562479972839	1.4780908823013306
13076.79124017782	0.061558306217193604	-2.3045196533203125	1.055267572402954	-0.07019348442554474
13076.801006402819	-0.6475622057914734	-1.1156188249588013	-0.41020891070365906	0.9806829690933228
13076.810771628045	-1.1722403764724731	-1.0859559774398804	0.783257782459259	-1.4497487545013428
13076.820537853044	-1.3200218677520752	-2.159999132156372	1.143819808959961	0.0005049530882388353
13076.830092288581	-1.0600831508636475	-2.5292446613311768	-0.8033641576766968	-1.2679457664489746
13076.839857814031	-0.5356513857841492	-1.3779749870300293	-0.35099664330482483	-0.8541454076766968
13076.849623139256	-0.0028374416287988424	-0.13169994950294495	0.24126595258712769	0.04506349563598633
13076.859388264482	0.2782600522041321	-0.31997713446617126	-1.810282826423645	-1.0722719430923462
13076.869154489483	0.1541491001844406	-1.2836272716522217	-1.878270149230957	1.073931336402893
13076.878919614708	-0.3565106987953186	-1.191516399383545	-0.7886381149291992	-0.6782891154289246
13076.888685839707	-1.0701220035552979	0.1714453548192978	-2.3855528831481934	0.6940451860427856
13076.898465543194	-1.7150843143463135	1.0611745119094849	-2.6476917266845703	-0.21104498207569122
13076.908230768418	-2.045945644378662	0.395918071269989	-0.921964168548584	-0.9228746891021729
13076.917996093645	-1.9465398788452148	-0.6200156807899475	-1.7447168827056885	-0.23868294060230255
13076.927762218644	-1.4785326719284058	-0.32445502281188965	-2.13925838470459	-2.4513325691223145
13076.937527543869	-0.8548669219017029	0.8868277072906494	-0.04596307873725891	-0.826876699924469
13076.94729356887	-0.3493393659591675	1.1602976322174072	-0.20944952964782715	-2.5684432983398438
13076.957073372807	-0.18052731454372406	-0.006686318200081587	-0.9822447896003723	-1.4434678554534912
13076.966838798033	-0.4191242754459381	-0.9953507781028748	0.9237728118896484	-1.105661153793335
13076.976604123258	-0.9578501582145691	-0.49867045879364014	1.0929116010665894	-1.4111826419830322
13076.986370348257	-1.5566552877426147	0.5194516181945801	-0.2845485806465149	0.8081817626953125
13076.996135673482	-1.944117784500122	0.2999139726161957	1.0043079853057861	-0.5268720388412476
13077.005901098708	-1.932182788848877	-1.033099889755249	1.3618905544281006	1.726241946220398
13077.015667223708	-1.4957563877105713	-1.6414310932159424	-0.48293548822402954	0.7066432237625122
13077.025446825843	-0.7835136651992798	-0.7351895570755005	0.16870816051959991	1.1202281713485718
13077.03521235107	-0.05535271018743515	0.24709032475948334	0.8967684507369995	1.4682800769805908
13077.044977576294	0.4270778000354767	-0.17628179490566254	-0.9277665615081787	-0.20339682698249817
13077.054743901293	0.5105183124542236	-1.2838586568832397	-0.6483123302459717	1.3096721172332764
13077.06450912652	0.21436543762683868	-1.2401514053344727	0.7012711763381958	-0.8554301857948303
13077.074274551744	-0.27808651328086853	0.12626855075359344	-0.634682297706604	0.5442694425582886
13077.084054156132	-0.6977202296257019	1.0558058023452759	-0.5634441375732422	-0.10914161056280136
13077.093819681357	-0.8039833307266235	0.5060209631919861	1.3496166467666626	-0.02621196210384369
13077.103585906358	-0.48723942041397095	-0.2879881262779236	0.6023148894309998	1.4562703371047974
13077.113351131582	0.18418121337890625	0.30082541704177856	0.3016422986984253	0.17206257581710815
13077.123117356583	0.9921255707740784	1.811598777770996	2.3250977993011475	2.4681034088134766
13077.132882381808	1.6600724458694458	2.37166428565979	1.9253218173980713	0.9537197351455688
13077.142662684393	1.9692586660385132	1.5076189041137695	0.9405897259712219	1.9663468599319458
13077.152427609844	1.8504115343093872	0.8426332473754883	2.5396275520324707	1.5139755010604858
13077.162193934844	1.4123315811157227	1.6268227100372314	2.266090154647827	0.24295158684253693
13077.17195906007	0.8952542543411255	2.8352131843566895	0.531829833984375	1.140802264213562
13077.181724385295	0.5687113404273987	2.709526300430298	1.4883841276168823	-1.4118157625198364
13077.191490510295	0.6170636415481567	1.41330885887146	1.441569447517395	-0.11901223659515381
13077.201255635518	1.0610872507095337	0.7864799499511719	-0.6750172972679138	-1.8199408054351807
13077.211035940132	1.7487592697143555	1.5702730417251587	-0.18312081694602966	-1.4421923160552979
13077.220801265357	2.419142007827759	2.2976043224334717	0.3349704146385193	-0.9059847593307495
13077.230567390357	2.812373161315918	1.5258146524429321	-1.5965559482574463	-1.9036873579025269
13077.240332715583	2.779283285140991	0.03542804718017578	-1.304092288017273	0.2883502244949341
13077.250097840808	2.3443188667297363	-0.330216646194458	-0.028978638350963593	-1.2687740325927734
13077.259864265809	1.6951781511306763	0.5687054395675659	-1.4293994903564453	0.5569969415664673
13077.269643467267	1.1035453081130981	0.9772745370864868	-1.3412115573883057	-0.20147232711315155
13077.279408792492	0.8104127645492554	-0.08232919126749039	0.4619689881801605	-0.3997330367565155
13077.289174317719	0.9244604110717773	-1.3163166046142578	-0.4661947786808014	0.3143143951892853
13077.298940642719	1.3764277696609497	-1.102450966835022	-0.8778600096702576	-1.7219594717025757
13077.308705767944	1.9487614631652832	0.06614355742931366	0.9349758625030518	-0.15204975008964539
13077.318472192943	2.367999792098999	0.33068302273750305	0.2441970854997635	-2.160308599472046
13077.328237518168	2.420849561691284	-0.7236832976341248	-0.9138441681861877	-1.0817276239395142
13077.33801672278	2.0448882579803467	-1.445927381515503	0.5102413296699524	-1.1798993349075317
13077.347783047782	1.3555562496185303	-0.6247714161872864	0.02656790427863598	-1.4555728435516357
13077.357548173006	0.5980212688446045	0.6667844653129578	-1.7386341094970703	0.5690897703170776
13077.367314398007	0.044247403740882874	0.6774543523788452	-0.7143703699111938	-0.6721205711364746
13077.377079523232	-0.12124023586511612	-0.39282166957855225	-0.7019124627113342	1.8125544786453247
13077.386844648458	0.12136992812156677	-0.714122474193573	-2.580920457839966	0.8733880519866943
13077.396625250367	0.6195091605186462	0.3882603049278259	-1.7226612567901611	1.7395823001861572
13077.406390475593	1.1133992671966553	1.3965330123901367	-0.8875473141670227	2.0790929794311523
13077.416156000818	1.346509337425232	0.8802573680877686	-2.411746025085449	0.6640733480453491
13077.425921226042	1.1746097803115845	-0.35249873995780945	-1.6263467073440552	2.066304922103882
13077.435687451043	0.627326250076294	-0.48418140411376953	0.012911326251924038	-0.30019068717956543
13077.445452676267	-0.10382626950740814	0.5615906715393066	-1.0524653196334839	0.9424710869789124
13077.45523228133	-0.7458819150924683	1.006454586982727	-0.5932956337928772	-0.2431936413049698
13077.464998006782	-1.0593472719192505	-0.08755060285329819	1.4124963283538818	-0.28361520171165466
13077.474764331782	-0.9390482902526855	-1.3890550136566162	0.5884993672370911	0.7481075525283813
13077.484529557007	-0.45828843116760254	-1.2955322265625	0.32505369186401367	-0.5796449780464172
13077.494294882232	0.16234084963798523	-0.33849215507507324	2.163820266723633	1.691265344619751
13077.504061107233	0.6483126282691956	-0.36043933033943176	1.4074126482009888	0.2002372294664383
13077.513826332457	0.7872274518013	-1.7089893817901611	0.2867118716239929	1.5943044424057007
13077.523606434817	0.5185372829437256	-2.6913044452667236	1.7224297523498535	1.1809669733047485
13077.533371460044	-0.04098624736070633	-2.1147828102111816	1.190612554550171	0.3366209864616394
13077.543137685043	-0.646800696849823	-1.0739768743515015	-0.4804825782775879	1.2442599534988403
13077.552902910269	-1.030215859413147	-1.283148169517517	0.6795347929000854	-1.221388339996338
13077.56266903527	-1.0122947692871094	-2.4760732650756836	0.7553190588951111	0.04629545658826828
13077.572434460493	-0.5798925757408142	-2.804638624191284	-0.9564086198806763	-1.9780312776565552
13077.582214265558	0.10830840468406677	-1.6338485479354858	0.10716971009969711	-1.6267718076705933
13077.591979790783	0.7883240580558777	-0.5076333284378052	1.0083147287368774	-1.5191999673843384
13077.601744916008	1.201849341392517	-0.8250067830085754	-0.44380128383636475	-2.5003581047058105
13077.611511241008	1.2048015594482422	-1.739248275756836	0.4148049056529999	-0.4302682876586914
13077.621276366233	0.8275645971298218	-1.4553896188735962	1.9296720027923584	-1.9065998792648315
13077.631042491234	0.2614847421646118	0.03653990104794502	0.6657907962799072	0.2582542598247528
13077.640807616457	-0.22266627848148346	0.9257951974868774	0.9310556054115295	-0.37416744232177734
13077.650587119044	-0.3897915482521057	0.2978748083114624	2.565230131149292	-0.01633969135582447
13077.660353344045	-0.1404811590909958	-0.5022722482681274	1.2905147075653076	0.8193596601486206
13077.67011856927	0.4463392496109009	0.07934663444757462	0.6527206897735596	-0.8795391917228699
13077.679884094494	1.1461572647094727	1.4425439834594727	2.039201259613037	0.7565951347351074
13077.689650219494	1.6831881999969482	1.7304481267929077	0.8008465766906738	-1.3860156536102295
13077.699415645846	1.8464075326919556	0.6313791275024414	-0.636476457118988	-0.31803375482559204
13077.709194948206	1.578271508216858	-0.15058434009552002	0.513495147228241	-0.8768371343612671
13077.718961373206	0.998640239238739	0.5322219133377075	-0.3045918345451355	-1.2184189558029175
13077.728726898431	0.3537992537021637	1.544531226158142	-2.0695972442626953	0.43257296085357666
13077.738492223656	-0.08787184208631516	1.1969374418258667	-0.9272934198379517	-0.8799949288368225
13077.748257448882	-0.1494884341955185	-0.1844055950641632	-0.908710777759552	1.6367138624191284
13077.758022974107	0.1794985830783844	-0.7330640554428101	-2.545637845993042	0.6637271642684937
13077.767803676694	0.7388405799865723	0.1548854261636734	-1.3516595363616943	1.9147635698318481
13077.777568902144	1.2652935981750488	0.9267541170120239	-0.4357246160507202	2.261512041091919
13077.787334027369	1.5040309429168701	0.2384219914674759	-1.8345469236373901	1.2093592882156372
13077.797100252368	1.3165799379348755	-0.9980083703994751	-0.888597309589386	2.619579315185547
13077.806865477594	0.7396664023399353	-0.9807201623916626	0.562217652797699	0.22959841787815094
13077.816630702819	-0.02990720048546791	0.26631873846054077	-0.7767843008041382	1.4286222457885742
13077.826397027819	-0.7179633378982544	0.9337041974067688	-0.5164371728897095	-0.19718940556049347
13077.835951264482	-1.088287353515625	0.16152316331863403	1.0079255104064941	-0.35010331869125366
13077.845716589707	-1.0418670177459717	-0.6658732891082764	-0.37304165959358215	0.16045083105564117
13077.855482714707	-0.658101499080658	-0.02244705706834793	-0.9667439460754395	-1.3059114217758179
13077.865247939932	-0.16057449579238892	1.4388673305511475	0.44915100932121277	0.7766889333724976
13077.875014064932	0.17813539505004883	1.8566168546676636	-0.7320811748504639	-0.7994616627693176
13077.884779190157	0.15236929059028625	0.9561846852302551	-1.911899447441101	0.8751806020736694
13077.894558993194	-0.2889682948589325	0.44502443075180054	-0.46441173553466797	0.4875877797603607
13077.904324318419	-1.0200860500335693	1.4113905429840088	-0.9910612106323242	0.13660648465156555
13077.91409084342	-1.7907464504241943	2.6603763103485107	-2.301166296005249	1.1665798425674438
13077.923855868645	-2.3313190937042236	2.5039615631103516	-0.6821480393409729	-1.0152051448822021
13077.93362119387	-2.4660606384277344	1.2997812032699585	-0.28868237137794495	0.39002925157546997
13077.94338731887	-2.1867563724517822	0.9012088775634766	-1.4897013902664185	-1.7807896137237549
13077.953152544094	-1.6556146144866943	1.850681185722351	0.11335596442222595	-1.3636397123336792
13077.962932547807	-1.1361929178237915	2.5597634315490723	1.2471569776535034	-1.6639705896377563
13077.972697873032	-0.8815610408782959	1.7155722379684448	0.03869235888123512	-2.6717350482940674
13077.982464098031	-1.026964783668518	0.2752040922641754	1.1445326805114746	-0.8660938143730164
13077.992229423257	-1.5323596000671387	0.03242156282067299	2.5533699989318848	-2.3965845108032227
13078.001994648483	-2.199103355407715	0.9227716326713562	1.1271525621414185	-0.07167613506317139
13078.011760873482	-2.753756284713745	1.1403954029083252	1.3378099203109741	-0.6898754239082336
13078.021539977644	-2.9635775089263916	-0.11113768815994263	2.6813037395477295	0.1594053953886032
13078.031306102645	-2.7349066734313965	-1.3939006328582764	1.105780839920044	1.1167817115783691
13078.04107132787	-2.1528568267822266	-1.1896179914474487	0.44238772988319397	-0.14921291172504425
13078.05083755287	-1.4455393552780151	-0.17721818387508392	1.740898609161377	1.6529642343521118
13078.060602678095	-0.8879396319389343	-0.19163887202739716	0.43686360120773315	-0.4656878709793091
13078.070368903096	-0.6860596537590027	-1.438788890838623	-0.7117524147033691	0.6899293065071106
13078.080148105457	-0.8902863264083862	-2.1777408123016357	0.7480170130729675	-0.26320841908454895
13078.089913930906	-1.374589204788208	-1.3509464263916016	0.1707369089126587	-0.6768983602523804
13078.099679156132	-1.890332579612732	-0.18609528243541718	-1.087172508239746	0.49787530303001404
13078.109445481132	-2.1719517707824707	-0.3476601243019104	0.5420697927474976	-1.0113214254379272
13078.119210606357	-2.0498263835906982	-1.4321866035461426	0.7956599593162537	1.3354662656784058
13078.128975831582	-1.5226410627365112	-1.593298077583313	-0.5182017087936401	0.17302319407463074
13078.138741956582	-0.7586416602134705	-0.35060617327690125	0.921722948551178	1.6656280755996704
13078.148522160294	-0.025248629972338676	0.6651089191436768	1.7041428089141846	1.9528206586837769
13078.15828728552	0.423238068819046	0.1581600308418274	0.1449587643146515	1.2916193008422852
13078.168052510744	0.4523962140083313	-0.8915280699729919	0.9111455678939819	2.7820122241973877
13078.177818635744	0.10379427671432495	-0.7262820601463318	1.8419439792633057	0.5398488640785217
13078.18758376097	-0.42324376106262207	0.5185571312904358	-0.02449440397322178	1.8454229831695557
13078.19734988597	-0.8565057516098022	1.009505033493042	-0.13216720521450043	-0.05002057924866676
13078.207129090133	-0.96651691198349	-0.018588833510875702	0.8500086665153503	-0.20796039700508118
13078.216895415133	-0.6640508770942688	-1.1065595149993896	-1.0082355737686157	-0.18519970774650574
13078.226660840357	-0.038310978561639786	-0.773023784160614	-1.7513705492019653	-1.8043513298034668
13078.236426065583	0.680361807346344	0.25442245602607727	-0.5152562856674194	-0.026720436289906502
13078.246192290582	1.2174984216690063	0.15161527693271637	-1.827587366104126	-1.7951709032058716
13078.255957615807	1.3702375888824463	-1.2286393642425537	-2.789008855819702	0.012746177613735199
13078.265723141034	1.0928804874420166	-2.115915298461914	-1.1354331970214844	-0.43898245692253113
